00000005
00000007
00000005
00000000
00000000
00000001
00000000
00000001
00000002
00000002
00000003
00000005
0000000d
00000001
00000005
00000003
00000001
00000003
0000000c
00000003
00000001
00000004
0000000d
00000002
00000004
00000001
00000003
0000000e
00000002
00000003
00000001
00000003
00000006
0000002c
00000001
00000004
00000003
00000001
00000004
00000009
00000002
00000004
00000005
0000000d
00000001
00000002
00000003
00000001
00000004
00000008
00000006
00000036
00000005
0000003a
00000001
00000005
00000007
00000000
00000001
00000006
00000007
00000000